2017-01-01	6	1483218080	14090713	81286155426	5160559365
2017-01-02	6	1483304486	14094359	81317776865	5161153997
2017-01-03	6	1483390848	14097529	81349372111	5161738593
2017-01-04	6	1483477244	14100915	81384637935	5162341864
2017-01-05	6	1483563667	14103790	81419640996	5162897099
2017-01-06	6	1483650084	14106482	81451406504	5163526212
2017-01-07	6	1483736442	14109432	81483911768	5164148774
2017-01-08	6	1483822848	14112914	81521115508	5164911087
2017-01-09	6	1483909288	14116626	81560379280	5165612374
2017-01-10	6	1483995647	14120173	81601239059	5166335377
2017-01-11	6	1484082043	14122812	81631486006	5166874676
2017-01-12	6	1484168458	14125949	81662728726	5167360906
2017-01-13	6	1484254850	14128515	81689573448	5167847196
2017-01-14	6	1484341246	14131907	81716469207	5168367107
2017-01-15	6	1484427649	14135867	81755106975	5169027348
2017-01-16	6	1484514073	14139817	81796140661	5169760617
2017-01-17	6	1484600442	14141902	81824656318	5170288910
2017-01-18	6	1484686849	14144357	81856817655	5170765991
2017-01-19	6	1484773239	14147190	81887863173	5171242785
2017-01-20	6	1484859656	14149821	81914872097	5171671994
2017-01-21	6	1484946047	14153369	81942840390	5172307136
2017-01-22	6	1485032454	14157256	81980780199	5172993122
2017-01-23	6	1485118888	14161183	82020787936	5173749840
2017-01-24	6	1485205246	14164272	82047394916	5174278311
2017-01-25	6	1485291644	14167153	82074903830	5174759237
2017-01-26	6	1485378060	14170482	82105045261	5175235868
2017-01-27	6	1485464448	14173493	82132769109	5175710372
2017-01-28	6	1485550846	14176340	82160205254	5176240259
2017-01-29	6	1485637235	14180399	82196185803	5176933436
2017-01-30	6	1485723683	14184641	82235301619	5177658062
2017-01-31	6	1485810048	14187572	82255410777	5178210619
2017-02-01	6	1485896480	14190726	82281268969	5178731725
2017-02-02	6	1485982845	14194106	82311097944	5179140913
2017-02-03	6	1486069243	14197170	82342632618	5179737955
2017-02-04	6	1486155638	14200982	82374851888	5180249696
2017-02-05	6	1486242032	14204735	82414131329	5180969071
2017-02-06	6	1486328473	14208706	82454430049	5181677220
2017-02-07	6	1486414837	14211854	82474479917	5182323703
2017-02-08	6	1486501237	14214500	82499866150	5182529722
2017-02-09	6	1486587639	14217674	82531351416	5183024950
2017-02-10	6	1486674049	14220661	82564116007	5183547386
2017-02-11	6	1486760430	14224288	82590221815	5184325178
2017-02-12	6	1486846839	14228582	82630650400	5185011278
2017-02-13	6	1486933279	14232905	82670252064	5185767295
2017-02-14	6	1487019884	14236396	82702385708	5186285718
2017-02-15	6	1487106033	14240380	82721517553	5186674157
2017-02-16	6	1487192435	14243201	82749894045	5187300482
2017-02-17	6	1487278839	14246802	82782319203	5187704438
2017-02-18	6	1487365236	14250762	82813315216	5188410983
2017-02-19	6	1487451637	14254939	82850496887	5189125314
2017-02-20	6	1487538074	14259689	82890207396	5189870246
2017-02-21	6	1487624450	14262621	82914468507	5190450927
2017-02-22	6	1487710840	14265769	82924701751	5190971959
2017-02-23	6	1487797242	14269069	82948575150	5191476054
2017-02-24	6	1487883815	14272801	82974454409	5192006104
2017-02-25	6	1487970215	14276904	83005347838	5192547569
2017-02-26	6	1488056438	14280961	83041142555	5193126998
2017-02-27	6	1488142865	14285445	83080355882	5193913610
2017-02-28	6	1488229241	14288253	83103070052	5194484419
2017-03-01	6	1488315678	14290845	83126917154	5195010992
2017-03-02	6	1488402041	14293415	83153134384	5195488399
2017-03-03	6	1488488450	14296935	83185393676	5196045294
2017-03-04	6	1488574837	14300933	83215265066	5196586114
2017-03-05	6	1488661233	14304696	83250239696	5197199772
2017-03-06	6	1488747678	14308700	83285977001	5197918644
2017-03-07	6	1488834040	14311381	83316139029	5198275416
2017-03-08	6	1488920437	14314316	83343662233	5199045988
2017-03-09	6	1489006839	14317568	83374762299	5199545257
2017-03-10	6	1489093240	14320619	83401724661	5200049542
2017-03-11	6	1489179653	14324274	83430226244	5200613784
2017-03-12	6	1489266045	14328242	83467114231	5201133636
2017-03-13	6	1489352480	14332260	83503737795	5201979486
2017-03-14	6	1489438834	14334413	83533327428	5202557702
2017-03-15	6	1489525236	14338069	83565112333	5203107396
2017-03-16	6	1489611634	14341624	83596322407	5203573869
2017-03-17	6	1489698032	14344906	83624806145	5204189152
2017-03-18	6	1489784432	14348350	83657063171	5204738202
2017-03-19	6	1489870834	14352214	83692369735	5205366159
2017-03-20	6	1489957457	14356641	83730025074	5206038161
2017-03-21	6	1490043634	14360696	83766882580	5206657376
2017-03-22	6	1490130215	14362409	83790747929	5207250519
2017-03-23	6	1490216435	14365757	83821431331	5207894410
2017-03-24	6	1490302844	14368536	83847938916	5208354416
2017-03-25	6	1490389249	14372192	83879280639	5208972728
2017-03-26	6	1490475632	14376486	83914850950	5209679960
2017-03-27	6	1490562075	14380621	83946881799	5210408162
2017-03-28	6	1490648443	14384033	83974051954	5211101060
2017-03-29	6	1490734841	14387360	84003906243	5211764532
2017-03-30	6	1490821244	14390763	84033155535	5212456941
2017-03-31	6	1490907693	14394926	84063935121	5213114353
2017-04-01	6	1490994079	14399459	84095190048	5213848446
2017-04-02	6	1491080439	14403920	84121219149	5214570892
2017-04-03	6	1491166868	14408022	84147906220	5215278882
2017-04-04	6	1491253237	14410753	84179567264	5215968168
2017-04-05	6	1491339638	14413643	84209932132	5216755520
2017-04-06	6	1491426044	14416715	84240576262	5217585178
2017-04-07	6	1491512440	14419564	84273480404	5218351108
2017-04-08	6	1491598832	14422713	84290531675	5219075203
2017-04-09	6	1491685238	14426728	84327597597	5219892305
2017-04-10	6	1491771678	14431051	84367459234	5220677438
2017-04-11	6	1491858046	14432864	84386561028	5221225416
2017-04-12	6	1491944443	14435616	84413905503	5221715982
2017-04-13	6	1492030843	14438383	84439624403	5222174960
2017-04-14	6	1492117238	14440486	84465950931	5222645355
2017-04-15	6	1492203642	14443610	84480811338	5223127524
2017-04-16	6	1492290024	14447525	84519116794	5223797640
2017-04-17	6	1492376472	14451770	84552916490	5224469368
2017-04-18	6	1492462839	14454229	84576667742	5224952618
2017-04-19	6	1492549228	14457416	84599920024	5225403777
2017-04-20	6	1492635632	14460089	84626327091	5225846717
2017-04-21	6	1492722034	14462947	84653628964	5226296599
2017-04-22	6	1492808429	14466738	84680833751	5226747435
2017-04-23	6	1492894844	14470447	84716112234	5227362143
2017-04-24	6	1492981268	14474759	84754752503	5228000642
2017-04-25	6	1493067637	14477090	84778497755	5228457902
2017-04-26	6	1493154035	14479409	84804932120	5228898598
2017-04-27	6	1493240442	14481480	84820137801	5229361512
2017-04-28	6	1493326840	14483923	84847817735	5229798035
2017-04-29	6	1493413238	14487295	84866959119	5230238463
2017-04-30	6	1493499636	14491281	84902415418	5230865247
2017-05-01	6	1493586105	14495507	84935712840	5231536440
2017-05-02	6	1493672445	14497764	84961140196	5232030051
2017-05-03	6	1493758843	14500949	84984248149	5232514802
2017-05-04	6	1493845238	14505479	85017313170	5233118302
2017-05-05	6	1493931641	14508375	85045594469	5233725666
2017-05-06	6	1494018038	14512720	85080039159	5234380752
2017-05-07	6	1494104434	14516422	85113714442	5235057683
2017-05-08	6	1494190882	14520587	85148536361	5235723399
2017-05-09	6	1494277241	14523062	85174661517	5236196103
2017-05-10	6	1494363643	14525781	85202213006	5236638794
2017-05-11	6	1494450040	14527492	85223524462	5237084013
2017-05-12	6	1494536430	14530400	85251571527	5237541155
2017-05-13	6	1494622840	14533287	85277942291	5238008439
2017-05-14	6	1494709230	14537400	85315973960	5238652844
2017-05-15	6	1494795678	14541456	85353551649	5239324590
2017-05-16	6	1494882038	14543754	85377387459	5239815941
2017-05-17	6	1494968438	14546363	85402281147	5240269395
2017-05-18	6	1495054840	14549045	85428529800	5240719345
2017-05-19	6	1495141239	14551978	85458253965	5241171899
2017-05-20	6	1495227641	14554865	85483635312	5241641910
2017-05-21	6	1495314037	14558968	85518895878	5242237663
2017-05-22	6	1495400468	14562017	85554057421	5242918364
2017-05-23	6	1495486835	14565199	85582051191	5243408751
2017-05-24	6	1495573231	14566853	85606914649	5243885237
2017-05-25	6	1495659641	14569238	85635396859	5244366203
2017-05-26	6	1495746038	14572044	85663587846	5244842553
2017-05-27	6	1495832441	14572976	85677020699	5245354555
2017-05-28	6	1495918840	14577024	85710855867	5245992695
2017-05-29	6	1496005271	14580551	85744090729	5246619200
2017-05-30	6	1496091641	14583601	85769940659	5247144320
2017-05-31	6	1496178033	14586067	85792640593	5247628508
2017-06-01	6	1496264474	14589023	85813474782	5248091563
2017-06-02	6	1496350905	14592674	85846687485	5248557986
2017-06-03	6	1496436601	14595340	85871797684	5249013898
2017-06-04	6	1496523643	14599374	85905961967	5249602750
2017-06-05	6	1496610068	14603455	85940720561	5250264253
2017-06-06	6	1496696450	14605763	85964014344	5250750726
2017-06-07	6	1496782840	14608390	85989091976	5251223463
2017-06-08	6	1496869345	14611093	86011595329	5251686967
2017-06-09	6	1496955639	14613729	86040695906	5252136400
2017-06-10	6	1497042042	14616031	86066597283	5252607968
2017-06-11	6	1497128445	14620031	86100342862	5253200995
2017-06-12	6	1497214881	14624115	86135236378	5253843169
2017-06-13	6	1497301241	14626743	86162726207	5254318739
2017-06-14	6	1497387636	14629468	86189586845	5254782750
2017-06-15	6	1497474045	14632141	86214304228	5255244255
2017-06-16	6	1497560443	14634697	86240266160	5255713686
2017-06-17	6	1497646839	14636720	86263806688	5256196640
2017-06-18	6	1497733238	14640199	86298574221	5256821127
2017-06-19	6	1497819672	14643726	86331854506	5257527016
2017-06-20	6	1497906027	14646523	86357296353	5258024414
2017-06-21	6	1497992432	14649132	86381750167	5258491981
2017-06-22	6	1498078834	14652000	86403073610	5258962269
2017-06-23	6	1498165249	14654714	86422758108	5259436808
2017-06-24	6	1498251684	14658339	86446155317	5259927588
2017-06-25	6	1498338048	14662136	86481741657	5260566048
2017-06-26	6	1498424472	14665503	86514408842	5261265083
2017-06-27	6	1498510840	14667758	86539628482	5261730514
2017-06-28	6	1498597247	14670200	86567669059	5262189051
2017-06-29	6	1498683641	14672269	86592705329	5262643027
2017-06-30	6	1498770038	14674871	86617868234	5263096610
2017-07-01	6	1498856475	14677022	86616541811	5263604606
2017-07-02	6	1498942836	14678672	86622583458	5264216363
2017-07-03	6	1499029266	14682269	86646045861	5264869227
2017-07-04	6	1499115632	14684005	86663691386	5265358696
2017-07-05	6	1499202032	14685964	86686963350	5265842240
2017-07-06	6	1499288435	14688162	86709713736	5266313678
2017-07-07	6	1499374843	14690950	86726957931	5266766321
2017-07-08	6	1499461242	14694175	86743779567	5267252160
2017-07-09	6	1499547640	14698268	86775833210	5267859227
2017-07-10	6	1499634072	14702198	86808002694	5268536905
2017-07-11	6	1499720443	14704048	86832829310	5269034186
2017-07-12	6	1499806838	14706704	86856017381	5269494831
2017-07-13	6	1499893232	14709831	86885708716	5269938679
2017-07-14	6	1499979634	14712178	86910967635	5270384215
2017-07-15	6	1500066040	14715543	86935745088	5270851755
2017-07-16	6	1500152438	14720107	86969404332	5271453795
2017-07-17	6	1500238874	14724128	87003576754	5272085091
2017-07-18	6	1500325241	14728020	87038616253	5272752342
2017-07-19	6	1500411635	14730296	87059553850	5273264355
2017-07-20	6	1500498037	14733033	87072825838	5273755657
2017-07-21	6	1500584443	14736515	87100826010	5274244386
2017-07-22	6	1500670843	14739787	87130162573	5274778003
2017-07-23	6	1500757239	14743716	87162892006	5275361691
2017-07-24	6	1500843666	14747504	87195797278	5276006549
2017-07-25	6	1500930041	14749678	87219329766	5276598209
2017-07-26	6	1501016445	14752916	87248829355	5277173539
2017-07-27	6	1501102847	14755400	87278360321	5277754156
2017-07-28	6	1501189251	14756513	87296043632	5278342829
2017-07-29	6	1501275640	14759891	87321770936	5278944502
2017-07-30	6	1501362036	14763499	87353624630	5279548257
2017-07-31	6	1501448475	14767328	87385335911	5280181331
2017-08-01	6	1501534874	14770359	87408725496	5280785829
2017-08-02	6	1501621227	14773540	87438547581	5281410688
2017-08-03	6	1501707633	14776169	87464170596	5282001960
2017-08-04	6	1501794039	14779133	87492396737	5282601366
2017-08-05	6	1501880434	14782495	87519141527	5283223144
2017-08-06	6	1501966836	14786455	87550855407	5283827152
2017-08-07	6	1502053273	14789580	87580563192	5284439980
2017-08-08	6	1502139637	14791678	87607032120	5285062121
2017-08-09	6	1502226041	14794446	87633518139	5285665999
2017-08-10	6	1502312440	14797214	87656192308	5286280243
2017-08-11	6	1502398847	14800401	87682130790	5286914279
2017-08-12	6	1502485239	14804234	87711954445	5287563112
2017-08-13	6	1502571648	14807587	87741367907	5288138120
2017-08-14	6	1502658059	14809941	87770115180	5288705062
2017-08-15	6	1502744438	14812987	87799800669	5289304035
2017-08-16	6	1502830837	14816413	87827480245	5289912041
2017-08-17	6	1502917238	14819758	87855126707	5290531671
2017-08-18	6	1503003642	14822650	87881974452	5291134274
2017-08-19	6	1503090039	14826321	87910632177	5291749414
2017-08-20	6	1503176436	14830530	87944269043	5292380210
2017-08-21	6	1503262886	14834281	87977894779	5293015909
2017-08-22	6	1503349239	14836597	88003671658	5293620268
2017-08-23	6	1503435640	14839104	88030874224	5294207900
2017-08-24	6	1503522038	14841562	88053956632	5294814968
2017-08-25	6	1503608445	14844355	88075712974	5295433007
2017-08-26	6	1503694840	14847320	88098422586	5296031127
2017-08-27	6	1503781248	14851351	88126622106	5296637452
2017-08-28	6	1503867673	14854841	88157985003	5297261998
2017-08-29	6	1503954042	14856987	88180567900	5297848500
2017-08-30	6	1504040448	14859935	88204786478	5298422208
2017-08-31	6	1504126848	14863067	88227210783	5298973421
2017-09-01	6	1504213272	14865808	88235700581	5299520930
2017-09-02	6	1504299660	14868185	88256787146	5300009190
2017-09-03	6	1504386047	14871327	88286762709	5300594586
2017-09-04	6	1504472496	14874887	88317136920	5301201080
2017-09-05	6	1504558856	14876880	88342051468	5301666799
2017-09-06	6	1504645245	14879552	88364290463	5302103613
2017-09-07	6	1504731646	14881308	88382855568	5302552908
2017-09-08	6	1504818056	14883791	88405624423	5302990960
2017-09-09	6	1504904435	14886843	88422827896	5303446340
2017-09-10	6	1504990830	14888145	88454858475	5304006869
2017-09-11	6	1505077271	14891832	88484441859	5304616007
2017-09-12	6	1505163623	14894322	88507608497	5305086929
2017-09-13	6	1505250032	14897130	88533684310	5305534163
2017-09-14	6	1505336496	14899836	88560071848	5305982611
2017-09-15	6	1505422910	14902576	88582122008	5306413378
2017-09-16	6	1505509306	14906198	88607745136	5306856164
2017-09-17	6	1505595701	14910031	88639563750	5307422624
2017-09-18	6	1505682141	14913738	88672220235	5308053929
2017-09-19	6	1505768511	14917417	88705197215	5308691671
2017-09-20	6	1505854919	14919733	88728411929	5309159725
2017-09-21	6	1505941309	14922520	88752689659	5309602583
2017-09-22	6	1506027701	14924927	88762798088	5310042510
2017-09-23	6	1506114098	14927662	88771430808	5310522271
2017-09-24	6	1506200519	14931812	88802487475	5311166960
2017-09-25	6	1506286973	14935812	88832836695	5311813205
2017-09-26	6	1506373299	14938085	88856385643	5312317166
2017-09-27	6	1506459702	14939907	88876857080	5312805009
2017-09-28	6	1506546126	14941580	88885745795	5313270068
2017-09-29	6	1506632508	14943994	88905923685	5313719230
2017-09-30	6	1506718913	14947578	88927371272	5314202247
2017-10-01	6	1506805358	14951330	88948208655	5314790414
2017-10-02	6	1506891000	14954542	88974113257	5315377655
2017-10-03	6	1506978116	14956556	88990844897	5315832294
2017-10-04	6	1507064512	14959225	89012284468	5316267770
2017-10-05	6	1507150916	14961498	89036494358	5316703946
2017-10-06	6	1507237309	14963953	89060949940	5317098057
2017-10-07	6	1507323710	14966581	89083530484	5317521448
2017-10-08	6	1507410092	14969975	89112839703	5318077350
2017-10-09	6	1507496580	14973579	89142340976	5318684765
2017-10-10	6	1507582903	14976975	89174025047	5319333921
2017-10-11	6	1507669301	14979132	89195534960	5319836927
2017-10-12	6	1507755710	14981606	89218321756	5320325901
2017-10-13	6	1507842117	14983623	89239521010	5320774457
2017-10-14	6	1507928496	14987061	89265198399	5321221948
2017-10-15	6	1508014911	14988938	89290573778	5321789831
2017-10-16	6	1508101361	14992198	89321859058	5322415133
2017-10-17	6	1508187721	14994520	89343182138	5322845386
2017-10-18	6	1508274111	14997317	89364665412	5323263419
2017-10-19	6	1508360510	15000136	89383934090	5323713153
2017-10-20	6	1508446907	15002045	89407134904	5324145230
2017-10-21	6	1508533307	15005184	89431980131	5324595597
2017-10-22	6	1508619697	15009001	89463846516	5325178636
2017-10-23	6	1508706147	15012313	89495790905	5325816137
2017-10-24	6	1508792488	15014947	89517546842	5326348211
2017-10-25	6	1508878892	15017657	89536877132	5326791934
2017-10-26	6	1508965292	15020662	89560313184	5327239473
2017-10-27	6	1509051685	15023579	89581632689	5327647406
2017-10-28	6	1509138067	15026377	89601988585	5328079532
2017-10-29	6	1509224486	15029794	89630123651	5328651647
2017-10-30	6	1509310931	15033342	89660506005	5329433717
2017-10-31	6	1509397274	15036498	89677722383	5329872801
2017-11-01	6	1509483730	15037854	89651597509	5330295308
2017-11-02	6	1509570097	15039591	89669612091	5330718664
2017-11-03	6	1509656486	15041407	89692363328	5331149630
2017-11-04	6	1509742881	15044116	89718303265	5331713656
2017-11-05	6	1509829280	15047222	89745357516	5332300202
2017-11-06	6	1509915727	15050760	89775480749	5332912310
2017-11-07	6	1510002099	15053181	89786912346	5333348224
2017-11-08	6	1510088490	15054338	89810578048	5333794596
2017-11-09	8	1510182049	15056639	89830517054	5334214559
2017-11-10	6	1510261280	15058864	89847470555	5334653771
2017-11-11	6	1510347686	15061907	89869628194	5335108005
2017-11-12	6	1510434082	15065154	89898564878	5335687877
2017-11-13	6	1510520519	15068442	89927571226	5336289588
2017-11-14	6	1510606882	15070456	89949512982	5336751649
2017-11-15	6	1510693282	15072640	89973272939	5337200751
2017-11-16	6	1510779693	15075133	89973858011	5337639117
2017-11-17	6	1510866093	15077234	89995818581	5338068415
2017-11-18	6	1510952482	15079966	90013438176	5338475326
2017-11-19	6	1511038888	15083330	90040222511	5339021307
2017-11-20	6	1511125335	15086956	90070858034	5339596255
2017-11-21	6	1511211699	15089176	90092872070	5340029324
2017-11-22	6	1511298087	15091707	90117638764	5340444863
2017-11-23	6	1511384496	15094687	90130871350	5340900851
2017-11-24	6	1511470884	15097372	90158262613	5341513901
2017-11-25	6	1511557281	15100211	90183407261	5341967221
2017-11-26	6	1511643675	15104028	90212117692	5342551168
2017-11-27	6	1511730132	15107455	90240861918	5343189838
2017-11-28	6	1511816493	15109336	90244308231	5343654287
2017-11-29	6	1511902888	15110689	90262309810	5344126827
2017-11-30	6	1511989282	15112263	90273247111	5344643394
2017-12-01	6	1512075721	15113753	90291096375	5345065190
2017-12-02	6	1512162085	15139253	90308289769	5345579536
2017-12-03	6	1512248489	15142388	90335239578	5346215683
2017-12-04	6	1512334934	15145274	90360855474	5346814333
2017-12-05	6	1512421284	15147363	90376768115	5347278018
2017-12-06	6	1512507681	15150047	90399695970	5347736147
2017-12-07	6	1512594081	15153042	90423445067	5348191674
2017-12-08	6	1512680485	15155561	90445104434	5348625309
2017-12-09	6	1512766872	15158614	90469434177	5349086992
2017-12-10	6	1512853277	15162439	90498535420	5349653588
2017-12-11	6	1512939721	15165678	90526203518	5350263567
2017-12-12	6	1513026081	15168541	90546398934	5350726024
2017-12-13	6	1513112495	15168833	90551128780	5350807992
2017-12-14	6	1513198884	15173451	90589321800	5351626093
2017-12-15	6	1513285286	15175992	90610934341	5352038840
2017-12-16	6	1513371684	15179419	90631440491	5352522483
2017-12-17	6	1513458077	15182850	90660972270	5353086386
2017-12-18	6	1513544534	15186214	90690645638	5353702094
2017-12-19	6	1513630881	15187867	90711114212	5354119247
2017-12-20	6	1513717277	15189968	90728947116	5354548372
2017-12-21	6	1513803682	15192195	90751825615	5354963643
2017-12-22	6	1513890084	15194528	90762309638	5355376259
2017-12-23	6	1513976502	15197932	90785317485	5355843547
2017-12-24	6	1514062889	15201377	90809462002	5356368206
2017-12-25	6	1514149317	15205899	90838624907	5356979606
2017-12-26	6	1514235678	15209111	90861435922	5357539054
2017-12-27	6	1514322077	15210960	90878071287	5358091599
2017-12-28	6	1514408474	15213676	90903719809	5358658121
2017-12-29	6	1514494878	15216247	90928676091	5359212831
2017-12-30	6	1514581286	15219669	90956824743	5359787814
2017-12-31	6	1514667677	15223184	90981653446	5360359526
